65280.0000000000 -41424.9351814441 0.0000000000 13449.9574924683 0.0000000000 -7633.1431201007 0.0000000000 4971.4943843989 0.0000000000 -3348.3694665809 0.0000000000 2180.8054346792 0.0000000000 -1237.6544691180 0.0000000000 401.8449256972 0.0000000000 401.8449256972 0.0000000000 -1237.6544691180 0.0000000000 2180.8054346792 0.0000000000 -3348.3694665809 0.0000000000 4971.4943843989 0.0000000000 -7633.1431201007 0.0000000000 13449.9574924683 0.0000000000 -41424.9351814441
-41424.9351814441 26032.1515745534 0.0000000000 -8279.9818829455 0.0000000000 4588.7876682117 0.0000000000 -2899.7768478652 0.0000000000 1869.7853571790 0.0000000000 -1128.8805725326 0.0000000000 530.3822941213 0.0000000000 -0.0000000000 0.0000000000 -510.0000000000 0.0000000000 1040.3822941213 0.0000000000 -1638.8805725326 0.0000000000 2379.7853571790 0.0000000000 -3409.7768478652 0.0000000000 5098.7876682117 0.0000000000 -8789.9818829455 0.0000000000 26542.1515745534
0.0000000000 0.0000000000 0.0000000000 0.0000000000 0.0000000000 0.0000000000 0.0000000000 0.0000000000 0.0000000000 0.0000000000 0.0000000000 0.0000000000 0.0000000000 0.0000000000 0.0000000000 0.0000000000 0.0000000000 0.0000000000 0.0000000000 0.0000000000 0.0000000000 0.0000000000 0.0000000000 0.0000000000 0.0000000000 0.0000000000 0.0000000000 0.0000000000 0.0000000000 0.0000000000 0.0000000000 0.0000000000
13449.9574924683 -8279.9818829455 0.0000000000 2516.1604863542 0.0000000000 -1317.6937882856 0.0000000000 769.3012889738 0.0000000000 -434.8809282260 0.0000000000 194.3220036118 0.0000000000 0.0000000000 0.0000000000 -172.2059257170 0.0000000000 337.7940742830 0.0000000000 -510.0000000000 0.0000000000 704.3220036118 0.0000000000 -944.8809282260 0.0000000000 1279.3012889738 0.0000000000 -1827.6937882856 0.0000000000 3026.1604863543 0.0000000000 -8789.9818829455
0.0000000000 0.0000000000 0.0000000000 0.0000000000 0.0000000000 0.0000000000 0.0000000000 0.0000000000 0.0000000000 0.0000000000 0.0000000000 0.0000000000 0.0000000000 0.0000000000 0.0000000000 0.0000000000 0.0000000000 0.0000000000 0.0000000000 0.0000000000 0.0000000000 0.0000000000 0.0000000000 0.0000000000 0.0000000000 0.0000000000 0.0000000000 0.0000000000 0.0000000000 0.0000000000 0.0000000000 0.0000000000
-7633.1431201007 4588.7876682117 0.0000000000 -1317.6937882856 0.0000000000 637.5378966290 0.0000000000 -326.3132376975 0.0000000000 136.5224166266 0.0000000000 0.0000000000 0.0000000000 -110.2819593136 0.0000000000 208.0125638797 0.0000000000 -301.9874361203 0.0000000000 399.7180406864 0.0000000000 -510.0000000000 0.0000000000 646.5224166266 0.0000000000 -836.3132376975 0.0000000000 1147.5378966290 0.0000000000 -1827.6937882856 0.0000000000 5098.7876682117
0.0000000000 0.0000000000 0.0000000000 0.0000000000 0.0000000000 0.0000000000 0.0000000000 0.0000000000 0.0000000000 0.0000000000 0.0000000000 0.0000000000 0.0000000000 0.0000000000 0.0000000000 0.0000000000 0.0000000000 0.0000000000 0.0000000000 0.0000000000 0.0000000000 0.0000000000 0.0000000000 0.0000000000 0.0000000000 0.0000000000 0.0000000000 0.0000000000 0.0000000000 0.0000000000 0.0000000000 0.0000000000
4971.4943843989 -2899.7768478652 0.0000000000 769.3012889738 0.0000000000 -326.3132376975 0.0000000000 123.6114646769 0.0000000000 0.0000000000 0.0000000000 -88.9175555764 0.0000000000 160.7446041200 0.0000000000 -224.3969088311 0.0000000000 285.6030911689 0.0000000000 -349.2553958800 0.0000000000 421.0824444236 0.0000000000 -510.0000000000 0.0000000000 633.6114646769 0.0000000000 -836.3132376975 0.0000000000 1279.3012889738 0.0000000000 -3409.7768478652
0.0000000000 0.0000000000 0.0000000000 0.0000000000 0.0000000000 0.0000000000 0.0000000000 0.0000000000 0.0000000000 0.0000000000 0.0000000000 0.0000000000 0.0000000000 0.0000000000 0.0000000000 0.0000000000 0.0000000000 0.0000000000 0.0000000000 0.0000000000 0.0000000000 0.0000000000 0.0000000000 0.0000000000 0.0000000000 0.0000000000 0.0000000000 0.0000000000 0.0000000000 0.0000000000 0.0000000000 0.0000000000
-3348.3694665809 1869.7853571790 0.0000000000 -434.8809282260 0.0000000000 136.5224166266 0.0000000000 0.0000000000 0.0000000000 -83.2540121824 0.0000000000 143.1412020522 0.0000000000 -191.5177016763 0.0000000000 234.3883995174 0.0000000000 -275.6116004826 0.0000000000 318.4822983237 0.0000000000 -366.8587979478 0.0000000000 426.7459878176 0.0000000000 -510.0000000000 0.0000000000 646.5224166266 0.0000000000 -944.8809282260 0.0000000000 2379.7853571790
0.0000000000 0.0000000000 0.0000000000 0.0000000000 0.0000000000 0.0000000000 0.0000000000 0.0000000000 0.0000000000 0.0000000000 0.0000000000 0.0000000000 0.0000000000 0.0000000000 0.0000000000 0.0000000000 0.0000000000 0.0000000000 0.0000000000 0.0000000000 0.0000000000 0.0000000000 0.0000000000 0.0000000000 0.0000000000 0.0000000000 0.0000000000 0.0000000000 0.0000000000 0.0000000000 0.0000000000 0.0000000000
2180.8054346792 -1128.8805725326 0.0000000000 194.3220036118 0.0000000000 0.0000000000 0.0000000000 -88.9175555764 0.0000000000 143.1412020522 0.0000000000 -182.1459506139 0.0000000000 213.6537439873 0.0000000000 -241.5755882681 0.0000000000 268.4244117319 0.0000000000 -296.3462560127 0.0000000000 327.8540493861 0.0000000000 -366.8587979478 0.0000000000 421.0824444236 0.0000000000 -510.0000000000 0.0000000000 704.3220036118 0.0000000000 -1638.8805725326
0.0000000000 0.0000000000 0.0000000000 0.0000000000 0.0000000000 0.0000000000 0.0000000000 0.0000000000 0.0000000000 0.0000000000 0.0000000000 0.0000000000 0.0000000000 0.0000000000 0.0000000000 0.0000000000 0.0000000000 0.0000000000 0.0000000000 0.0000000000 0.0000000000 0.0000000000 0.0000000000 0.0000000000 0.0000000000 0.0000000000 0.0000000000 0.0000000000 0.0000000000 0.0000000000 0.0000000000 0.0000000000
-1237.6544691180 530.3822941213 0.0000000000 0.0000000000 0.0000000000 -110.2819593136 0.0000000000 160.7446041200 0.0000000000 -191.5177016763 0.0000000000 213.6537439873 0.0000000000 -231.5351013338 0.0000000000 247.3813546541 0.0000000000 -262.6186453459 0.0000000000 278.4648986662 0.0000000000 -296.3462560127 0.0000000000 318.4822983237 0.0000000000 -349.2553958800 0.0000000000 399.7180406864 0.0000000000 -510.0000000000 0.0000000000 1040.3822941213
0.0000000000 0.0000000000 0.0000000000 0.0000000000 0.0000000000 0.0000000000 0.0000000000 0.0000000000 0.0000000000 0.0000000000 0.0000000000 0.0000000000 0.0000000000 0.0000000000 0.0000000000 0.0000000000 0.0000000000 0.0000000000 0.0000000000 0.0000000000 0.0000000000 0.0000000000 0.0000000000 0.0000000000 0.0000000000 0.0000000000 0.0000000000 0.0000000000 0.0000000000 0.0000000000 0.0000000000 0.0000000000
401.8449256972 -0.0000000000 0.0000000000 -172.2059257170 0.0000000000 208.0125638797 0.0000000000 -224.3969088311 0.0000000000 234.3883995174 0.0000000000 -241.5755882681 0.0000000000 247.3813546541 0.0000000000 -252.5263580835 0.0000000000 257.4736419165 0.0000000000 -262.6186453459 0.0000000000 268.4244117319 0.0000000000 -275.6116004826 0.0000000000 285.6030911689 0.0000000000 -301.9874361203 0.0000000000 337.7940742830 0.0000000000 -510.0000000000
0.0000000000 0.0000000000 0.0000000000 0.0000000000 0.0000000000 0.0000000000 0.0000000000 0.0000000000 0.0000000000 0.0000000000 0.0000000000 0.0000000000 0.0000000000 0.0000000000 0.0000000000 0.0000000000 0.0000000000 0.0000000000 0.0000000000 0.0000000000 0.0000000000 0.0000000000 0.0000000000 0.0000000000 0.0000000000 0.0000000000 0.0000000000 0.0000000000 0.0000000000 0.0000000000 0.0000000000 0.0000000000
401.8449256972 -510.0000000000 0.0000000000 337.7940742830 0.0000000000 -301.9874361203 0.0000000000 285.6030911689 0.0000000000 -275.6116004826 0.0000000000 268.4244117319 0.0000000000 -262.6186453459 0.0000000000 257.4736419165 0.0000000000 -252.5263580835 0.0000000000 247.3813546541 0.0000000000 -241.5755882681 0.0000000000 234.3883995174 0.0000000000 -224.3969088311 0.0000000000 208.0125638797 0.0000000000 -172.2059257170 0.0000000000 -0.0000000000
0.0000000000 0.0000000000 0.0000000000 0.0000000000 0.0000000000 0.0000000000 0.0000000000 0.0000000000 0.0000000000 0.0000000000 0.0000000000 0.0000000000 0.0000000000 0.0000000000 0.0000000000 0.0000000000 0.0000000000 0.0000000000 0.0000000000 0.0000000000 0.0000000000 0.0000000000 0.0000000000 0.0000000000 0.0000000000 0.0000000000 0.0000000000 0.0000000000 0.0000000000 0.0000000000 0.0000000000 0.0000000000
-1237.6544691180 1040.3822941213 0.0000000000 -510.0000000000 0.0000000000 399.7180406864 0.0000000000 -349.2553958800 0.0000000000 318.4822983237 0.0000000000 -296.3462560127 0.0000000000 278.4648986662 0.0000000000 -262.6186453459 0.0000000000 247.3813546541 0.0000000000 -231.5351013338 0.0000000000 213.6537439873 0.0000000000 -191.5177016763 0.0000000000 160.7446041200 0.0000000000 -110.2819593136 0.0000000000 0.0000000000 0.0000000000 530.3822941213
0.0000000000 0.0000000000 0.0000000000 0.0000000000 0.0000000000 0.0000000000 0.0000000000 0.0000000000 0.0000000000 0.0000000000 0.0000000000 0.0000000000 0.0000000000 0.0000000000 0.0000000000 0.0000000000 0.0000000000 0.0000000000 0.0000000000 0.0000000000 0.0000000000 0.0000000000 0.0000000000 0.0000000000 0.0000000000 0.0000000000 0.0000000000 0.0000000000 0.0000000000 0.0000000000 0.0000000000 0.0000000000
2180.8054346792 -1638.8805725326 0.0000000000 704.3220036118 0.0000000000 -510.0000000000 0.0000000000 421.0824444236 0.0000000000 -366.8587979478 0.0000000000 327.8540493861 0.0000000000 -296.3462560127 0.0000000000 268.4244117319 0.0000000000 -241.5755882681 0.0000000000 213.6537439873 0.0000000000 -182.1459506139 0.0000000000 143.1412020522 0.0000000000 -88.9175555764 0.0000000000 0.0000000000 0.0000000000 194.3220036118 0.0000000000 -1128.8805725326
0.0000000000 0.0000000000 0.0000000000 0.0000000000 0.0000000000 0.0000000000 0.0000000000 0.0000000000 0.0000000000 0.0000000000 0.0000000000 0.0000000000 0.0000000000 0.0000000000 0.0000000000 0.0000000000 0.0000000000 0.0000000000 0.0000000000 0.0000000000 0.0000000000 0.0000000000 0.0000000000 0.0000000000 0.0000000000 0.0000000000 0.0000000000 0.0000000000 0.0000000000 0.0000000000 0.0000000000 0.0000000000
-3348.3694665809 2379.7853571790 0.0000000000 -944.8809282260 0.0000000000 646.5224166266 0.0000000000 -510.0000000000 0.0000000000 426.7459878176 0.0000000000 -366.8587979478 0.0000000000 318.4822983237 0.0000000000 -275.6116004826 0.0000000000 234.3883995174 0.0000000000 -191.5177016763 0.0000000000 143.1412020522 0.0000000000 -83.2540121824 0.0000000000 0.0000000000 0.0000000000 136.5224166266 0.0000000000 -434.8809282260 0.0000000000 1869.7853571790
0.0000000000 0.0000000000 0.0000000000 0.0000000000 0.0000000000 0.0000000000 0.0000000000 0.0000000000 0.0000000000 0.0000000000 0.0000000000 0.0000000000 0.0000000000 0.0000000000 0.0000000000 0.0000000000 0.0000000000 0.0000000000 0.0000000000 0.0000000000 0.0000000000 0.0000000000 0.0000000000 0.0000000000 0.0000000000 0.0000000000 0.0000000000 0.0000000000 0.0000000000 0.0000000000 0.0000000000 0.0000000000
4971.4943843989 -3409.7768478652 0.0000000000 1279.3012889738 0.0000000000 -836.3132376975 0.0000000000 633.6114646769 0.0000000000 -510.0000000000 0.0000000000 421.0824444236 0.0000000000 -349.2553958800 0.0000000000 285.6030911689 0.0000000000 -224.3969088311 0.0000000000 160.7446041200 0.0000000000 -88.9175555764 0.0000000000 0.0000000000 0.0000000000 123.6114646769 0.0000000000 -326.3132376975 0.0000000000 769.3012889738 0.0000000000 -2899.7768478652
0.0000000000 0.0000000000 0.0000000000 0.0000000000 0.0000000000 0.0000000000 0.0000000000 0.0000000000 0.0000000000 0.0000000000 0.0000000000 0.0000000000 0.0000000000 0.0000000000 0.0000000000 0.0000000000 0.0000000000 0.0000000000 0.0000000000 0.0000000000 0.0000000000 0.0000000000 0.0000000000 0.0000000000 0.0000000000 0.0000000000 0.0000000000 0.0000000000 0.0000000000 0.0000000000 0.0000000000 0.0000000000
-7633.1431201007 5098.7876682117 0.0000000000 -1827.6937882856 0.0000000000 1147.5378966290 0.0000000000 -836.3132376975 0.0000000000 646.5224166266 0.0000000000 -510.0000000000 0.0000000000 399.7180406864 0.0000000000 -301.9874361203 0.0000000000 208.0125638797 0.0000000000 -110.2819593136 0.0000000000 0.0000000000 0.0000000000 136.5224166266 0.0000000000 -326.3132376975 0.0000000000 637.5378966290 0.0000000000 -1317.6937882856 0.0000000000 4588.7876682117
0.0000000000 0.0000000000 0.0000000000 0.0000000000 0.0000000000 0.0000000000 0.0000000000 0.0000000000 0.0000000000 0.0000000000 0.0000000000 0.0000000000 0.0000000000 0.0000000000 0.0000000000 0.0000000000 0.0000000000 0.0000000000 0.0000000000 0.0000000000 0.0000000000 0.0000000000 0.0000000000 0.0000000000 0.0000000000 0.0000000000 0.0000000000 0.0000000000 0.0000000000 0.0000000000 0.0000000000 0.0000000000
13449.9574924683 -8789.9818829455 0.0000000000 3026.1604863543 0.0000000000 -1827.6937882856 0.0000000000 1279.3012889738 0.0000000000 -944.8809282260 0.0000000000 704.3220036118 0.0000000000 -510.0000000000 0.0000000000 337.7940742830 0.0000000000 -172.2059257170 0.0000000000 0.0000000000 0.0000000000 194.3220036118 0.0000000000 -434.8809282260 0.0000000000 769.3012889738 0.0000000000 -1317.6937882856 0.0000000000 2516.1604863542 0.0000000000 -8279.9818829455
0.0000000000 0.0000000000 0.0000000000 0.0000000000 0.0000000000 0.0000000000 0.0000000000 0.0000000000 0.0000000000 0.0000000000 0.0000000000 0.0000000000 0.0000000000 0.0000000000 0.0000000000 0.0000000000 0.0000000000 0.0000000000 0.0000000000 0.0000000000 0.0000000000 0.0000000000 0.0000000000 0.0000000000 0.0000000000 0.0000000000 0.0000000000 0.0000000000 0.0000000000 0.0000000000 0.0000000000 0.0000000000
-41424.9351814441 26542.1515745534 0.0000000000 -8789.9818829455 0.0000000000 5098.7876682117 0.0000000000 -3409.7768478652 0.0000000000 2379.7853571790 0.0000000000 -1638.8805725326 0.0000000000 1040.3822941213 0.0000000000 -510.0000000000 0.0000000000 -0.0000000000 0.0000000000 530.3822941213 0.0000000000 -1128.8805725326 0.0000000000 1869.7853571790 0.0000000000 -2899.7768478652 0.0000000000 4588.7876682117 0.0000000000 -8279.9818829455 0.0000000000 26032.1515745534
