0.0000000000
-4080.0000000000
0.0000000000
4080.0000000000
0.0000000000
-4080.0000000000
0.0000000000
4080.0000000000
0.0000000000
-4080.0000000000
0.0000000000
4080.0000000000
0.0000000000
-4080.0000000000
0.0000000000
4080.0000000000
0.0000000000
-4080.0000000000
0.0000000000
4080.0000000000
0.0000000000
-4080.0000000000
0.0000000000
4080.0000000000
0.0000000000
-4080.0000000000
0.0000000000
4080.0000000000
0.0000000000
-4080.0000000000
0.0000000000
4080.0000000000
-4080.0000000000
5178.1168976805
0.0000000000
-3429.6807921195
0.0000000000
3066.1298938466
0.0000000000
-2899.7768478652
0.0000000000
2798.3315405016
0.0000000000
-2725.3587885077
0.0000000000
2666.4118531601
0.0000000000
-2614.1737566963
0.0000000000
2563.9431409842
0.0000000000
-2511.7050445204
0.0000000000
2452.7581091728
0.0000000000
-2379.7853571790
0.0000000000
2278.3400498153
0.0000000000
-2111.9870038340
0.0000000000
1748.4361055610
0.0000000000
-0.0000000000
0.0000000000
0.0000000000
0.0000000000
0.0000000000
0.0000000000
0.0000000000
0.0000000000
0.0000000000
0.0000000000
0.0000000000
0.0000000000
0.0000000000
0.0000000000
0.0000000000
0.0000000000
0.0000000000
0.0000000000
0.0000000000
0.0000000000
0.0000000000
0.0000000000
0.0000000000
0.0000000000
0.0000000000
0.0000000000
0.0000000000
0.0000000000
0.0000000000
0.0000000000
0.0000000000
0.0000000000
0.0000000000
4080.0000000000
-3429.6807921195
0.0000000000
1681.2446865585
0.0000000000
-1317.6937882856
0.0000000000
1151.3407423042
0.0000000000
-1049.8954349406
0.0000000000
976.9226829467
0.0000000000
-917.9757475991
0.0000000000
865.7376511353
0.0000000000
-815.5070354232
0.0000000000
763.2689389594
0.0000000000
-704.3220036118
0.0000000000
631.3492516180
0.0000000000
-529.9039442543
0.0000000000
363.5508982730
0.0000000000
-0.0000000000
0.0000000000
-1748.4361055610
0.0000000000
0.0000000000
0.0000000000
0.0000000000
0.0000000000
0.0000000000
0.0000000000
0.0000000000
0.0000000000
0.0000000000
0.0000000000
0.0000000000
0.0000000000
0.0000000000
0.0000000000
0.0000000000
0.0000000000
0.0000000000
0.0000000000
0.0000000000
0.0000000000
0.0000000000
0.0000000000
0.0000000000
0.0000000000
0.0000000000
0.0000000000
0.0000000000
0.0000000000
0.0000000000
0.0000000000
0.0000000000
-4080.0000000000
3066.1298938466
0.0000000000
-1317.6937882856
0.0000000000
954.1428900126
0.0000000000
-787.7898440312
0.0000000000
686.3445366676
0.0000000000
-613.3717846737
0.0000000000
554.4248493262
0.0000000000
-502.1867528624
0.0000000000
451.9561371502
0.0000000000
-399.7180406864
0.0000000000
340.7711053388
0.0000000000
-267.7983533450
0.0000000000
166.3530459814
0.0000000000
0.0000000000
0.0000000000
-363.5508982730
0.0000000000
2111.9870038340
0.0000000000
0.0000000000
0.0000000000
0.0000000000
0.0000000000
0.0000000000
0.0000000000
0.0000000000
0.0000000000
0.0000000000
0.0000000000
0.0000000000
0.0000000000
0.0000000000
0.0000000000
0.0000000000
0.0000000000
0.0000000000
0.0000000000
0.0000000000
0.0000000000
0.0000000000
0.0000000000
0.0000000000
0.0000000000
0.0000000000
0.0000000000
0.0000000000
0.0000000000
0.0000000000
0.0000000000
0.0000000000
4080.0000000000
-2899.7768478652
0.0000000000
1151.3407423042
0.0000000000
-787.7898440312
0.0000000000
621.4367980499
0.0000000000
-519.9914906862
0.0000000000
447.0187386924
0.0000000000
-388.0718033448
0.0000000000
335.8337068810
0.0000000000
-285.6030911689
0.0000000000
233.3649947051
0.0000000000
-174.4180593575
0.0000000000
101.4453073636
0.0000000000
0.0000000000
0.0000000000
-166.3530459814
0.0000000000
529.9039442543
0.0000000000
-2278.3400498153
0.0000000000
0.0000000000
0.0000000000
0.0000000000
0.0000000000
0.0000000000
0.0000000000
0.0000000000
0.0000000000
0.0000000000
0.0000000000
0.0000000000
0.0000000000
0.0000000000
0.0000000000
0.0000000000
0.0000000000
0.0000000000
0.0000000000
0.0000000000
0.0000000000
0.0000000000
0.0000000000
0.0000000000
0.0000000000
0.0000000000
0.0000000000
0.0000000000
0.0000000000
0.0000000000
0.0000000000
0.0000000000
-4080.0000000000
2798.3315405016
0.0000000000
-1049.8954349406
0.0000000000
686.3445366676
0.0000000000
-519.9914906862
0.0000000000
418.5461833226
0.0000000000
-345.5734313288
0.0000000000
286.6264959812
0.0000000000
-234.3883995174
0.0000000000
184.1577838052
0.0000000000
-131.9196873414
0.0000000000
72.9727519939
0.0000000000
0.0000000000
0.0000000000
-101.4453073636
0.0000000000
267.7983533450
0.0000000000
-631.3492516180
0.0000000000
2379.7853571790
0.0000000000
0.0000000000
0.0000000000
0.0000000000
0.0000000000
0.0000000000
0.0000000000
0.0000000000
0.0000000000
0.0000000000
0.0000000000
0.0000000000
0.0000000000
0.0000000000
0.0000000000
0.0000000000
0.0000000000
0.0000000000
0.0000000000
0.0000000000
0.0000000000
0.0000000000
0.0000000000
0.0000000000
0.0000000000
0.0000000000
0.0000000000
0.0000000000
0.0000000000
0.0000000000
0.0000000000
0.0000000000
4080.0000000000
-2725.3587885077
0.0000000000
976.9226829467
0.0000000000
-613.3717846737
0.0000000000
447.0187386924
0.0000000000
-345.5734313288
0.0000000000
272.6006793349
0.0000000000
-213.6537439873
0.0000000000
161.4156475235
0.0000000000
-111.1850318114
0.0000000000
58.9469353476
0.0000000000
-0.0000000000
0.0000000000
-72.9727519939
0.0000000000
174.4180593575
0.0000000000
-340.7711053388
0.0000000000
704.3220036118
0.0000000000
-2452.7581091728
0.0000000000
0.0000000000
0.0000000000
0.0000000000
0.0000000000
0.0000000000
0.0000000000
0.0000000000
0.0000000000
0.0000000000
0.0000000000
0.0000000000
0.0000000000
0.0000000000
0.0000000000
0.0000000000
0.0000000000
0.0000000000
0.0000000000
0.0000000000
0.0000000000
0.0000000000
0.0000000000
0.0000000000
0.0000000000
0.0000000000
0.0000000000
0.0000000000
0.0000000000
0.0000000000
0.0000000000
0.0000000000
-4080.0000000000
2666.4118531601
0.0000000000
-917.9757475991
0.0000000000
554.4248493262
0.0000000000
-388.0718033448
0.0000000000
286.6264959812
0.0000000000
-213.6537439873
0.0000000000
154.7068086397
0.0000000000
-102.4687121759
0.0000000000
52.2380964638
0.0000000000
0.0000000000
0.0000000000
-58.9469353476
0.0000000000
131.9196873414
0.0000000000
-233.3649947051
0.0000000000
399.7180406864
0.0000000000
-763.2689389594
0.0000000000
2511.7050445204
0.0000000000
0.0000000000
0.0000000000
0.0000000000
0.0000000000
0.0000000000
0.0000000000
0.0000000000
0.0000000000
0.0000000000
0.0000000000
0.0000000000
0.0000000000
0.0000000000
0.0000000000
0.0000000000
0.0000000000
0.0000000000
0.0000000000
0.0000000000
0.0000000000
0.0000000000
0.0000000000
0.0000000000
0.0000000000
0.0000000000
0.0000000000
0.0000000000
0.0000000000
0.0000000000
0.0000000000
0.0000000000
4080.0000000000
-2614.1737566963
0.0000000000
865.7376511353
0.0000000000
-502.1867528624
0.0000000000
335.8337068810
0.0000000000
-234.3883995174
0.0000000000
161.4156475235
0.0000000000
-102.4687121759
0.0000000000
50.2306157122
0.0000000000
0.0000000000
0.0000000000
-52.2380964638
0.0000000000
111.1850318114
0.0000000000
-184.1577838052
0.0000000000
285.6030911689
0.0000000000
-451.9561371502
0.0000000000
815.5070354232
0.0000000000
-2563.9431409842
0.0000000000
0.0000000000
0.0000000000
0.0000000000
0.0000000000
0.0000000000
0.0000000000
0.0000000000
0.0000000000
0.0000000000
0.0000000000
0.0000000000
0.0000000000
0.0000000000
0.0000000000
0.0000000000
0.0000000000
0.0000000000
0.0000000000
0.0000000000
0.0000000000
0.0000000000
0.0000000000
0.0000000000
0.0000000000
0.0000000000
0.0000000000
0.0000000000
0.0000000000
0.0000000000
0.0000000000
0.0000000000
-4080.0000000000
2563.9431409842
0.0000000000
-815.5070354232
0.0000000000
451.9561371502
0.0000000000
-285.6030911689
0.0000000000
184.1577838052
0.0000000000
-111.1850318114
0.0000000000
52.2380964638
0.0000000000
0.0000000000
0.0000000000
-50.2306157122
0.0000000000
102.4687121759
0.0000000000
-161.4156475235
0.0000000000
234.3883995174
0.0000000000
-335.8337068810
0.0000000000
502.1867528624
0.0000000000
-865.7376511353
0.0000000000
2614.1737566963
0.0000000000
0.0000000000
0.0000000000
0.0000000000
0.0000000000
0.0000000000
0.0000000000
0.0000000000
0.0000000000
0.0000000000
0.0000000000
0.0000000000
0.0000000000
0.0000000000
0.0000000000
0.0000000000
0.0000000000
0.0000000000
0.0000000000
0.0000000000
0.0000000000
0.0000000000
0.0000000000
0.0000000000
0.0000000000
0.0000000000
0.0000000000
0.0000000000
0.0000000000
0.0000000000
0.0000000000
0.0000000000
4080.0000000000
-2511.7050445204
0.0000000000
763.2689389594
0.0000000000
-399.7180406864
0.0000000000
233.3649947051
0.0000000000
-131.9196873414
0.0000000000
58.9469353476
0.0000000000
0.0000000000
0.0000000000
-52.2380964638
0.0000000000
102.4687121759
0.0000000000
-154.7068086397
0.0000000000
213.6537439873
0.0000000000
-286.6264959812
0.0000000000
388.0718033448
0.0000000000
-554.4248493262
0.0000000000
917.9757475991
0.0000000000
-2666.4118531601
0.0000000000
0.0000000000
0.0000000000
0.0000000000
0.0000000000
0.0000000000
0.0000000000
0.0000000000
0.0000000000
0.0000000000
0.0000000000
0.0000000000
0.0000000000
0.0000000000
0.0000000000
0.0000000000
0.0000000000
0.0000000000
0.0000000000
0.0000000000
0.0000000000
0.0000000000
0.0000000000
0.0000000000
0.0000000000
0.0000000000
0.0000000000
0.0000000000
0.0000000000
0.0000000000
0.0000000000
0.0000000000
-4080.0000000000
2452.7581091728
0.0000000000
-704.3220036118
0.0000000000
340.7711053388
0.0000000000
-174.4180593575
0.0000000000
72.9727519939
0.0000000000
0.0000000000
0.0000000000
-58.9469353476
0.0000000000
111.1850318114
0.0000000000
-161.4156475235
0.0000000000
213.6537439873
0.0000000000
-272.6006793349
0.0000000000
345.5734313288
0.0000000000
-447.0187386924
0.0000000000
613.3717846737
0.0000000000
-976.9226829467
0.0000000000
2725.3587885077
0.0000000000
0.0000000000
0.0000000000
0.0000000000
0.0000000000
0.0000000000
0.0000000000
0.0000000000
0.0000000000
0.0000000000
0.0000000000
0.0000000000
0.0000000000
0.0000000000
0.0000000000
0.0000000000
0.0000000000
0.0000000000
0.0000000000
0.0000000000
0.0000000000
0.0000000000
0.0000000000
0.0000000000
0.0000000000
0.0000000000
0.0000000000
0.0000000000
0.0000000000
0.0000000000
0.0000000000
0.0000000000
4080.0000000000
-2379.7853571790
0.0000000000
631.3492516180
0.0000000000
-267.7983533450
0.0000000000
101.4453073636
0.0000000000
0.0000000000
0.0000000000
-72.9727519939
0.0000000000
131.9196873414
0.0000000000
-184.1577838052
0.0000000000
234.3883995174
0.0000000000
-286.6264959812
0.0000000000
345.5734313288
0.0000000000
-418.5461833226
0.0000000000
519.9914906862
0.0000000000
-686.3445366676
0.0000000000
1049.8954349406
0.0000000000
-2798.3315405016
0.0000000000
0.0000000000
0.0000000000
0.0000000000
0.0000000000
0.0000000000
0.0000000000
0.0000000000
0.0000000000
0.0000000000
0.0000000000
0.0000000000
0.0000000000
0.0000000000
0.0000000000
0.0000000000
0.0000000000
0.0000000000
0.0000000000
0.0000000000
0.0000000000
0.0000000000
0.0000000000
0.0000000000
0.0000000000
0.0000000000
0.0000000000
0.0000000000
0.0000000000
0.0000000000
0.0000000000
0.0000000000
-4080.0000000000
2278.3400498153
0.0000000000
-529.9039442543
0.0000000000
166.3530459814
0.0000000000
0.0000000000
0.0000000000
-101.4453073636
0.0000000000
174.4180593575
0.0000000000
-233.3649947051
0.0000000000
285.6030911689
0.0000000000
-335.8337068810
0.0000000000
388.0718033448
0.0000000000
-447.0187386924
0.0000000000
519.9914906862
0.0000000000
-621.4367980499
0.0000000000
787.7898440312
0.0000000000
-1151.3407423042
0.0000000000
2899.7768478652
0.0000000000
0.0000000000
0.0000000000
0.0000000000
0.0000000000
0.0000000000
0.0000000000
0.0000000000
0.0000000000
0.0000000000
0.0000000000
0.0000000000
0.0000000000
0.0000000000
0.0000000000
0.0000000000
0.0000000000
0.0000000000
0.0000000000
0.0000000000
0.0000000000
0.0000000000
0.0000000000
0.0000000000
0.0000000000
0.0000000000
0.0000000000
0.0000000000
0.0000000000
0.0000000000
0.0000000000
0.0000000000
4080.0000000000
-2111.9870038340
0.0000000000
363.5508982730
0.0000000000
0.0000000000
0.0000000000
-166.3530459814
0.0000000000
267.7983533450
0.0000000000
-340.7711053388
0.0000000000
399.7180406864
0.0000000000
-451.9561371502
0.0000000000
502.1867528624
0.0000000000
-554.4248493262
0.0000000000
613.3717846737
0.0000000000
-686.3445366676
0.0000000000
787.7898440312
0.0000000000
-954.1428900126
0.0000000000
1317.6937882856
0.0000000000
-3066.1298938466
0.0000000000
0.0000000000
0.0000000000
0.0000000000
0.0000000000
0.0000000000
0.0000000000
0.0000000000
0.0000000000
0.0000000000
0.0000000000
0.0000000000
0.0000000000
0.0000000000
0.0000000000
0.0000000000
0.0000000000
0.0000000000
0.0000000000
0.0000000000
0.0000000000
0.0000000000
0.0000000000
0.0000000000
0.0000000000
0.0000000000
0.0000000000
0.0000000000
0.0000000000
0.0000000000
0.0000000000
0.0000000000
-4080.0000000000
1748.4361055610
0.0000000000
0.0000000000
0.0000000000
-363.5508982730
0.0000000000
529.9039442543
0.0000000000
-631.3492516180
0.0000000000
704.3220036118
0.0000000000
-763.2689389594
0.0000000000
815.5070354232
0.0000000000
-865.7376511353
0.0000000000
917.9757475991
0.0000000000
-976.9226829467
0.0000000000
1049.8954349406
0.0000000000
-1151.3407423042
0.0000000000
1317.6937882856
0.0000000000
-1681.2446865585
0.0000000000
3429.6807921195
0.0000000000
0.0000000000
0.0000000000
0.0000000000
0.0000000000
0.0000000000
0.0000000000
0.0000000000
0.0000000000
0.0000000000
0.0000000000
0.0000000000
0.0000000000
0.0000000000
0.0000000000
0.0000000000
0.0000000000
0.0000000000
0.0000000000
0.0000000000
0.0000000000
0.0000000000
0.0000000000
0.0000000000
0.0000000000
0.0000000000
0.0000000000
0.0000000000
0.0000000000
0.0000000000
0.0000000000
0.0000000000
4080.0000000000
0.0000000000
0.0000000000
-1748.4361055610
0.0000000000
2111.9870038340
0.0000000000
-2278.3400498153
0.0000000000
2379.7853571790
0.0000000000
-2452.7581091728
0.0000000000
2511.7050445204
0.0000000000
-2563.9431409842
0.0000000000
2614.1737566963
0.0000000000
-2666.4118531601
0.0000000000
2725.3587885077
0.0000000000
-2798.3315405016
0.0000000000
2899.7768478652
0.0000000000
-3066.1298938466
0.0000000000
3429.6807921195
0.0000000000
-5178.1168976805
