0
8
16
25
33
41
49
58
66
74
82
90
99
107
115
123
132
140
148
156
165
173
181
189
197
206
214
222
230
239
247
255
0
8
16
25
33
41
49
58
66
74
82
90
99
107
115
123
132
140
148
156
165
173
181
189
197
206
214
222
230
239
247
255
0
8
16
25
33
41
49
58
66
74
82
90
99
107
115
123
132
140
148
156
165
173
181
189
197
206
214
222
230
239
247
255
0
8
16
25
33
41
49
58
66
74
82
90
99
107
115
123
132
140
148
156
165
173
181
189
197
206
214
222
230
239
247
255
0
8
16
25
33
41
49
58
66
74
82
90
99
107
115
123
132
140
148
156
165
173
181
189
197
206
214
222
230
239
247
255
0
8
16
25
33
41
49
58
66
74
82
90
99
107
115
123
132
140
148
156
165
173
181
189
197
206
214
222
230
239
247
255
0
8
16
25
33
41
49
58
66
74
82
90
99
107
115
123
132
140
148
156
165
173
181
189
197
206
214
222
230
239
247
255
0
8
16
25
33
41
49
58
66
74
82
90
99
107
115
123
132
140
148
156
165
173
181
189
197
206
214
222
230
239
247
255
0
8
16
25
33
41
49
58
66
74
82
90
99
107
115
123
132
140
148
156
165
173
181
189
197
206
214
222
230
239
247
255
0
8
16
25
33
41
49
58
66
74
82
90
99
107
115
123
132
140
148
156
165
173
181
189
197
206
214
222
230
239
247
255
0
8
16
25
33
41
49
58
66
74
82
90
99
107
115
123
132
140
148
156
165
173
181
189
197
206
214
222
230
239
247
255
0
8
16
25
33
41
49
58
66
74
82
90
99
107
115
123
132
140
148
156
165
173
181
189
197
206
214
222
230
239
247
255
0
8
16
25
33
41
49
58
66
74
82
90
99
107
115
123
132
140
148
156
165
173
181
189
197
206
214
222
230
239
247
255
0
8
16
25
33
41
49
58
66
74
82
90
99
107
115
123
132
140
148
156
165
173
181
189
197
206
214
222
230
239
247
255
0
8
16
25
33
41
49
58
66
74
82
90
99
107
115
123
132
140
148
156
165
173
181
189
197
206
214
222
230
239
247
255
0
8
16
25
33
41
49
58
66
74
82
90
99
107
115
123
132
140
148
156
165
173
181
189
197
206
214
222
230
239
247
255
0
8
16
25
33
41
49
58
66
74
82
90
99
107
115
123
132
140
148
156
165
173
181
189
197
206
214
222
230
239
247
255
0
8
16
25
33
41
49
58
66
74
82
90
99
107
115
123
132
140
148
156
165
173
181
189
197
206
214
222
230
239
247
255
0
8
16
25
33
41
49
58
66
74
82
90
99
107
115
123
132
140
148
156
165
173
181
189
197
206
214
222
230
239
247
255
0
8
16
25
33
41
49
58
66
74
82
90
99
107
115
123
132
140
148
156
165
173
181
189
197
206
214
222
230
239
247
255
0
8
16
25
33
41
49
58
66
74
82
90
99
107
115
123
132
140
148
156
165
173
181
189
197
206
214
222
230
239
247
255
0
8
16
25
33
41
49
58
66
74
82
90
99
107
115
123
132
140
148
156
165
173
181
189
197
206
214
222
230
239
247
255
0
8
16
25
33
41
49
58
66
74
82
90
99
107
115
123
132
140
148
156
165
173
181
189
197
206
214
222
230
239
247
255
0
8
16
25
33
41
49
58
66
74
82
90
99
107
115
123
132
140
148
156
165
173
181
189
197
206
214
222
230
239
247
255
0
8
16
25
33
41
49
58
66
74
82
90
99
107
115
123
132
140
148
156
165
173
181
189
197
206
214
222
230
239
247
255
0
8
16
25
33
41
49
58
66
74
82
90
99
107
115
123
132
140
148
156
165
173
181
189
197
206
214
222
230
239
247
255
0
8
16
25
33
41
49
58
66
74
82
90
99
107
115
123
132
140
148
156
165
173
181
189
197
206
214
222
230
239
247
255
0
8
16
25
33
41
49
58
66
74
82
90
99
107
115
123
132
140
148
156
165
173
181
189
197
206
214
222
230
239
247
255
0
8
16
25
33
41
49
58
66
74
82
90
99
107
115
123
132
140
148
156
165
173
181
189
197
206
214
222
230
239
247
255
0
8
16
25
33
41
49
58
66
74
82
90
99
107
115
123
132
140
148
156
165
173
181
189
197
206
214
222
230
239
247
255
0
8
16
25
33
41
49
58
66
74
82
90
99
107
115
123
132
140
148
156
165
173
181
189
197
206
214
222
230
239
247
255
0
8
16
25
33
41
49
58
66
74
82
90
99
107
115
123
132
140
148
156
165
173
181
189
197
206
214
222
230
239
247
255
