50235.0000000000
-36481.3034622630
9427.2634272790
6226.2444493245
-3948.7467504308
-2911.2181989308
3001.4934472675
937.8457606629
-1785.0000000000
-555.0167206375
1763.5108854914
-893.4177221263
378.7467504308
-1009.1366912001
1107.7322399621
6.0025851704
-765.0000000000
6.0025851704
1107.7322399621
-1009.1366912001
378.7467504308
-893.4177221263
1763.5108854914
-555.0167206375
-1785.0000000000
937.8457606629
3001.4934472675
-2911.2181989308
-3948.7467504308
6226.2444493245
9427.2634272790
-36481.3034622630
-36481.3034622630
25444.1270398568
-4306.2900256869
-6611.6857803756
3066.7807602358
2840.3212354502
-2196.8912172860
-1394.2261432722
1688.7213478279
533.8703503698
-1127.7882913767
-187.9351989363
693.3518805318
232.4419844538
-685.2642610114
-144.4458968244
791.1278943500
-144.4458968244
-685.2642610114
232.4419844538
693.3518805318
-187.9351989363
-1127.7882913767
533.8703503698
1688.7213478279
-1394.2261432722
-2196.8912172860
2840.3212354502
3066.7807602358
-6611.6857803756
-4306.2900256869
25444.1270398568
9427.2634272790
-4306.2900256869
-4199.5675993893
5619.3006905839
-411.3471120870
-2729.3319651488
495.9615594175
2021.9416440345
-976.2489168103
-959.9216218854
326.7326647564
1667.3119429997
-1983.3671342361
570.6056135336
316.8733752154
156.3837215694
-645.3371010124
156.3837215694
316.8733752154
570.6056135336
-1983.3671342361
1667.3119429997
326.7326647564
-959.9216218854
-976.2489168103
2021.9416440345
495.9615594175
-2729.3319651488
-411.3471120870
5619.3006905839
-4199.5675993893
-4306.2900256869
6226.2444493245
-6611.6857803756
5619.3006905839
-1374.3814299273
-2667.6781388005
2217.5453616665
996.3562626259
-1849.9117401251
-408.2652201178
1830.7726932862
-429.2146577962
-1353.9859540797
1099.7967276020
300.7930089113
-783.9529222966
115.8750944095
371.0275595423
115.8750944095
-783.9529222966
300.7930089113
1099.7967276020
-1353.9859540797
-429.2146577962
1830.7726932862
-408.2652201178
-1849.9117401251
996.3562626259
2217.5453616665
-2667.6781388005
-1374.3814299273
5619.3006905839
-6611.6857803756
-3948.7467504308
3066.7807602358
-411.3471120870
-2667.6781388005
3227.4978336206
-583.9717640210
-1821.6842130993
1013.3691331457
1275.0000000000
-1666.8344626584
291.6842130993
217.4370935338
765.0000000000
-1468.2850243328
921.3471120870
49.1824028975
-466.2489168103
49.1824028975
921.3471120870
-1468.2850243328
765.0000000000
217.4370935338
291.6842130993
-1666.8344626584
1275.0000000000
1013.3691331457
-1821.6842130993
-583.9717640210
3227.4978336206
-2667.6781388005
-411.3471120870
3066.7807602358
-2911.2181989308
2840.3212354502
-2729.3319651488
2217.5453616665
-583.9717640210
-1381.8564373038
1597.1946600522
42.8307956714
-975.2856781552
-61.6589383076
1000.7497885769
-89.5440921011
-1178.0833550636
862.2035457037
263.1017364946
-613.2699107290
489.3282333601
-613.2699107290
263.1017364946
862.2035457037
-1178.0833550636
-89.5440921011
1000.7497885769
-61.6589383076
-975.2856781552
42.8307956714
1597.1946600522
-1381.8564373038
-583.9717640210
2217.5453616665
-2729.3319651488
2840.3212354502
3001.4934472675
-2196.8912172860
495.9615594175
996.3562626259
-1821.6842130993
1597.1946600522
-151.1066026355
-1155.2829529014
466.2489168103
1471.4392991565
-1846.8733752154
245.4995641217
531.0100110746
727.4873911189
-1557.9815815667
354.1969931121
687.3571231615
354.1969931121
-1557.9815815667
727.4873911189
531.0100110746
245.4995641217
-1846.8733752154
1471.4392991565
466.2489168103
-1155.2829529014
-151.1066026355
1597.1946600522
-1821.6842130993
996.3562626259
495.9615594175
-2196.8912172860
937.8457606629
-1394.2261432722
2021.9416440345
-1849.9117401251
1013.3691331457
42.8307956714
-1155.2829529014
1560.7702775653
-430.3812980125
-1086.8030199859
829.9190865736
696.9066761963
-654.0039591730
-1204.5719163798
1586.2958183931
749.2578781306
-2390.0663203838
749.2578781306
1586.2958183931
-1204.5719163798
-654.0039591730
696.9066761963
829.9190865736
-1086.8030199859
-430.3812980125
1560.7702775653
-1155.2829529014
42.8307956714
1013.3691331457
-1849.9117401251
2021.9416440345
-1394.2261432722
-1785.0000000000
1688.7213478279
-976.2489168103
-408.2652201178
1275.0000000000
-975.2856781552
466.2489168103
-430.3812980125
255.0000000000
89.6101926737
466.2489168103
-1588.6574628290
1275.0000000000
509.7105274814
-976.2489168103
-925.4524088685
2295.0000000000
-925.4524088685
-976.2489168103
509.7105274814
1275.0000000000
-1588.6574628290
466.2489168103
89.6101926737
255.0000000000
-430.3812980125
466.2489168103
-975.2856781552
1275.0000000000
-408.2652201178
-976.2489168103
1688.7213478279
-555.0167206375
533.8703503698
-959.9216218854
1830.7726932862
-1666.8344626584
-61.6589383076
1471.4392991565
-1086.8030199859
89.6101926737
55.6910485216
-7.2248623997
628.8521254654
-935.4213260416
84.8603927897
698.6148184833
-311.3999188487
-173.8768206004
-311.3999188487
698.6148184833
84.8603927897
-935.4213260416
628.8521254654
-7.2248623997
55.6910485216
89.6101926737
-1086.8030199859
1471.4392991565
-61.6589383076
-1666.8344626584
1830.7726932862
-959.9216218854
533.8703503698
1763.5108854914
-1127.7882913767
326.7326647564
-429.2146577962
291.6842130993
1000.7497885769
-1846.8733752154
829.9190865736
466.2489168103
-7.2248623997
-1255.1466469337
1180.4022249193
-21.0100110746
-393.4795663778
-284.7126426073
986.6362778805
-1197.3571231615
986.6362778805
-284.7126426073
-393.4795663778
-21.0100110746
1180.4022249193
-1255.1466469337
-7.2248623997
466.2489168103
829.9190865736
-1846.8733752154
1000.7497885769
291.6842130993
-429.2146577962
326.7326647564
-1127.7882913767
-893.4177221263
-187.9351989363
1667.3119429997
-1353.9859540797
217.4370935338
-89.5440921011
245.4995641217
696.9066761963
-1588.6574628290
628.8521254654
1180.4022249193
-1466.1612660996
186.1602362285
736.7348803301
-508.0123733709
-55.2698881148
273.9407055993
-55.2698881148
-508.0123733709
736.7348803301
186.1602362285
-1466.1612660996
1180.4022249193
628.8521254654
-1588.6574628290
696.9066761963
245.4995641217
-89.5440921011
217.4370935338
-1353.9859540797
1667.3119429997
-187.9351989363
378.7467504308
693.3518805318
-1983.3671342361
1099.7967276020
765.0000000000
-1178.0833550636
531.0100110746
-654.0039591730
1275.0000000000
-935.4213260416
-21.0100110746
186.1602362285
342.5021663794
-530.3714423875
453.3671342361
-721.4287616968
976.2489168103
-721.4287616968
453.3671342361
-530.3714423875
342.5021663794
186.1602362285
-21.0100110746
-935.4213260416
1275.0000000000
-654.0039591730
531.0100110746
-1178.0833550636
765.0000000000
1099.7967276020
-1983.3671342361
693.3518805318
-1009.1366912001
232.4419844538
570.6056135336
300.7930089113
-1468.2850243328
862.2035457037
727.4873911189
-1204.5719163798
509.7105274814
84.8603927897
-393.4795663778
736.7348803301
-530.3714423875
-425.0770364956
825.9729444457
31.4423752457
-711.7986648811
31.4423752457
825.9729444457
-425.0770364956
-530.3714423875
736.7348803301
-393.4795663778
84.8603927897
509.7105274814
-1204.5719163798
727.4873911189
862.2035457037
-1468.2850243328
300.7930089113
570.6056135336
232.4419844538
1107.7322399621
-685.2642610114
316.8733752154
-783.9529222966
921.3471120870
263.1017364946
-1557.9815815667
1586.2958183931
-976.2489168103
698.6148184833
-284.7126426073
-508.0123733709
453.3671342361
825.9729444457
-1534.1791510415
643.2442388623
135.3371010124
643.2442388623
-1534.1791510415
825.9729444457
453.3671342361
-508.0123733709
-284.7126426073
698.6148184833
-976.2489168103
1586.2958183931
-1557.9815815667
263.1017364946
921.3471120870
-783.9529222966
316.8733752154
-685.2642610114
6.0025851704
-144.4458968244
156.3837215694
115.8750944095
49.1824028975
-613.2699107290
354.1969931121
749.2578781306
-925.4524088685
-311.3999188487
986.6362778805
-55.2698881148
-721.4287616968
31.4423752457
643.2442388623
26.8878038825
-689.6825869864
26.8878038825
643.2442388623
31.4423752457
-721.4287616968
-55.2698881148
986.6362778805
-311.3999188487
-925.4524088685
749.2578781306
354.1969931121
-613.2699107290
49.1824028975
115.8750944095
156.3837215694
-144.4458968244
-765.0000000000
791.1278943500
-645.3371010124
371.0275595423
-466.2489168103
489.3282333601
687.3571231615
-2390.0663203838
2295.0000000000
-173.8768206004
-1197.3571231615
273.9407055993
976.2489168103
-711.7986648811
135.3371010124
-689.6825869864
1275.0000000000
-689.6825869864
135.3371010124
-711.7986648811
976.2489168103
273.9407055993
-1197.3571231615
-173.8768206004
2295.0000000000
-2390.0663203838
687.3571231615
489.3282333601
-466.2489168103
371.0275595423
-645.3371010124
791.1278943500
6.0025851704
-144.4458968244
156.3837215694
115.8750944095
49.1824028975
-613.2699107290
354.1969931121
749.2578781306
-925.4524088685
-311.3999188487
986.6362778805
-55.2698881148
-721.4287616968
31.4423752457
643.2442388623
26.8878038825
-689.6825869864
26.8878038825
643.2442388623
31.4423752457
-721.4287616968
-55.2698881148
986.6362778805
-311.3999188487
-925.4524088685
749.2578781306
354.1969931121
-613.2699107290
49.1824028975
115.8750944095
156.3837215694
-144.4458968244
1107.7322399621
-685.2642610114
316.8733752154
-783.9529222966
921.3471120870
263.1017364946
-1557.9815815667
1586.2958183931
-976.2489168103
698.6148184833
-284.7126426073
-508.0123733709
453.3671342361
825.9729444457
-1534.1791510415
643.2442388623
135.3371010124
643.2442388623
-1534.1791510415
825.9729444457
453.3671342361
-508.0123733709
-284.7126426073
698.6148184833
-976.2489168103
1586.2958183931
-1557.9815815667
263.1017364946
921.3471120870
-783.9529222966
316.8733752154
-685.2642610114
-1009.1366912001
232.4419844538
570.6056135336
300.7930089113
-1468.2850243328
862.2035457037
727.4873911189
-1204.5719163798
509.7105274814
84.8603927897
-393.4795663778
736.7348803301
-530.3714423875
-425.0770364956
825.9729444457
31.4423752457
-711.7986648811
31.4423752457
825.9729444457
-425.0770364956
-530.3714423875
736.7348803301
-393.4795663778
84.8603927897
509.7105274814
-1204.5719163798
727.4873911189
862.2035457037
-1468.2850243328
300.7930089113
570.6056135336
232.4419844538
378.7467504308
693.3518805318
-1983.3671342361
1099.7967276020
765.0000000000
-1178.0833550636
531.0100110746
-654.0039591730
1275.0000000000
-935.4213260416
-21.0100110746
186.1602362285
342.5021663794
-530.3714423875
453.3671342361
-721.4287616968
976.2489168103
-721.4287616968
453.3671342361
-530.3714423875
342.5021663794
186.1602362285
-21.0100110746
-935.4213260416
1275.0000000000
-654.0039591730
531.0100110746
-1178.0833550636
765.0000000000
1099.7967276020
-1983.3671342361
693.3518805318
-893.4177221263
-187.9351989363
1667.3119429997
-1353.9859540797
217.4370935338
-89.5440921011
245.4995641217
696.9066761963
-1588.6574628290
628.8521254654
1180.4022249193
-1466.1612660996
186.1602362285
736.7348803301
-508.0123733709
-55.2698881148
273.9407055993
-55.2698881148
-508.0123733709
736.7348803301
186.1602362285
-1466.1612660996
1180.4022249193
628.8521254654
-1588.6574628290
696.9066761963
245.4995641217
-89.5440921011
217.4370935338
-1353.9859540797
1667.3119429997
-187.9351989363
1763.5108854914
-1127.7882913767
326.7326647564
-429.2146577962
291.6842130993
1000.7497885769
-1846.8733752154
829.9190865736
466.2489168103
-7.2248623997
-1255.1466469337
1180.4022249193
-21.0100110746
-393.4795663778
-284.7126426073
986.6362778805
-1197.3571231615
986.6362778805
-284.7126426073
-393.4795663778
-21.0100110746
1180.4022249193
-1255.1466469337
-7.2248623997
466.2489168103
829.9190865736
-1846.8733752154
1000.7497885769
291.6842130993
-429.2146577962
326.7326647564
-1127.7882913767
-555.0167206375
533.8703503698
-959.9216218854
1830.7726932862
-1666.8344626584
-61.6589383076
1471.4392991565
-1086.8030199859
89.6101926737
55.6910485216
-7.2248623997
628.8521254654
-935.4213260416
84.8603927897
698.6148184833
-311.3999188487
-173.8768206004
-311.3999188487
698.6148184833
84.8603927897
-935.4213260416
628.8521254654
-7.2248623997
55.6910485216
89.6101926737
-1086.8030199859
1471.4392991565
-61.6589383076
-1666.8344626584
1830.7726932862
-959.9216218854
533.8703503698
-1785.0000000000
1688.7213478279
-976.2489168103
-408.2652201178
1275.0000000000
-975.2856781552
466.2489168103
-430.3812980125
255.0000000000
89.6101926737
466.2489168103
-1588.6574628290
1275.0000000000
509.7105274814
-976.2489168103
-925.4524088685
2295.0000000000
-925.4524088685
-976.2489168103
509.7105274814
1275.0000000000
-1588.6574628290
466.2489168103
89.6101926737
255.0000000000
-430.3812980125
466.2489168103
-975.2856781552
1275.0000000000
-408.2652201178
-976.2489168103
1688.7213478279
937.8457606629
-1394.2261432722
2021.9416440345
-1849.9117401251
1013.3691331457
42.8307956714
-1155.2829529014
1560.7702775653
-430.3812980125
-1086.8030199859
829.9190865736
696.9066761963
-654.0039591730
-1204.5719163798
1586.2958183931
749.2578781306
-2390.0663203838
749.2578781306
1586.2958183931
-1204.5719163798
-654.0039591730
696.9066761963
829.9190865736
-1086.8030199859
-430.3812980125
1560.7702775653
-1155.2829529014
42.8307956714
1013.3691331457
-1849.9117401251
2021.9416440345
-1394.2261432722
3001.4934472675
-2196.8912172860
495.9615594175
996.3562626259
-1821.6842130993
1597.1946600522
-151.1066026355
-1155.2829529014
466.2489168103
1471.4392991565
-1846.8733752154
245.4995641217
531.0100110746
727.4873911189
-1557.9815815667
354.1969931121
687.3571231615
354.1969931121
-1557.9815815667
727.4873911189
531.0100110746
245.4995641217
-1846.8733752154
1471.4392991565
466.2489168103
-1155.2829529014
-151.1066026355
1597.1946600522
-1821.6842130993
996.3562626259
495.9615594175
-2196.8912172860
-2911.2181989308
2840.3212354502
-2729.3319651488
2217.5453616665
-583.9717640210
-1381.8564373038
1597.1946600522
42.8307956714
-975.2856781552
-61.6589383076
1000.7497885769
-89.5440921011
-1178.0833550636
862.2035457037
263.1017364946
-613.2699107290
489.3282333601
-613.2699107290
263.1017364946
862.2035457037
-1178.0833550636
-89.5440921011
1000.7497885769
-61.6589383076
-975.2856781552
42.8307956714
1597.1946600522
-1381.8564373038
-583.9717640210
2217.5453616665
-2729.3319651488
2840.3212354502
-3948.7467504308
3066.7807602358
-411.3471120870
-2667.6781388005
3227.4978336206
-583.9717640210
-1821.6842130993
1013.3691331457
1275.0000000000
-1666.8344626584
291.6842130993
217.4370935338
765.0000000000
-1468.2850243328
921.3471120870
49.1824028975
-466.2489168103
49.1824028975
921.3471120870
-1468.2850243328
765.0000000000
217.4370935338
291.6842130993
-1666.8344626584
1275.0000000000
1013.3691331457
-1821.6842130993
-583.9717640210
3227.4978336206
-2667.6781388005
-411.3471120870
3066.7807602358
6226.2444493245
-6611.6857803756
5619.3006905839
-1374.3814299273
-2667.6781388005
2217.5453616665
996.3562626259
-1849.9117401251
-408.2652201178
1830.7726932862
-429.2146577962
-1353.9859540797
1099.7967276020
300.7930089113
-783.9529222966
115.8750944095
371.0275595423
115.8750944095
-783.9529222966
300.7930089113
1099.7967276020
-1353.9859540797
-429.2146577962
1830.7726932862
-408.2652201178
-1849.9117401251
996.3562626259
2217.5453616665
-2667.6781388005
-1374.3814299273
5619.3006905839
-6611.6857803756
9427.2634272790
-4306.2900256869
-4199.5675993893
5619.3006905839
-411.3471120870
-2729.3319651488
495.9615594175
2021.9416440345
-976.2489168103
-959.9216218854
326.7326647564
1667.3119429997
-1983.3671342361
570.6056135336
316.8733752154
156.3837215694
-645.3371010124
156.3837215694
316.8733752154
570.6056135336
-1983.3671342361
1667.3119429997
326.7326647564
-959.9216218854
-976.2489168103
2021.9416440345
495.9615594175
-2729.3319651488
-411.3471120870
5619.3006905839
-4199.5675993893
-4306.2900256869
-36481.3034622630
25444.1270398568
-4306.2900256869
-6611.6857803756
3066.7807602358
2840.3212354502
-2196.8912172860
-1394.2261432722
1688.7213478279
533.8703503698
-1127.7882913767
-187.9351989363
693.3518805318
232.4419844538
-685.2642610114
-144.4458968244
791.1278943500
-144.4458968244
-685.2642610114
232.4419844538
693.3518805318
-187.9351989363
-1127.7882913767
533.8703503698
1688.7213478279
-1394.2261432722
-2196.8912172860
2840.3212354502
3066.7807602358
-6611.6857803756
-4306.2900256869
25444.1270398568
