65280.0000000000 41625.3727285036 0.0000000000 14055.1683216248 0.0000000000 8655.1299176812 0.0000000000 6431.3417273622 0.0000000000 5278.0657522175 0.0000000000 4626.2633241015 0.0000000000 4263.5886979079 0.0000000000 4099.7413752953 0.0000000000 4099.7413752953 0.0000000000 4263.5886979079 0.0000000000 4626.2633241015 0.0000000000 5278.0657522175 0.0000000000 6431.3417273622 0.0000000000 8655.1299176812 0.0000000000 14055.1683216248 0.0000000000 41625.3727285036
41625.3727285036 26542.1515745534 0.0000000000 8962.1878086625 0.0000000000 5518.8880030194 0.0000000000 4100.9037461065 0.0000000000 3365.5247276594 0.0000000000 2949.9070956791 0.0000000000 2718.6499496239 0.0000000000 2614.1737566963 0.0000000000 2614.1737566963 0.0000000000 2718.6499496239 0.0000000000 2949.9070956791 0.0000000000 3365.5247276594 0.0000000000 4100.9037461065 0.0000000000 5518.8880030194 0.0000000000 8962.1878086625 0.0000000000 26542.1515745534
0.0000000000 0.0000000000 0.0000000000 0.0000000000 0.0000000000 0.0000000000 0.0000000000 0.0000000000 0.0000000000 0.0000000000 0.0000000000 0.0000000000 0.0000000000 0.0000000000 0.0000000000 0.0000000000 0.0000000000 0.0000000000 0.0000000000 0.0000000000 0.0000000000 0.0000000000 0.0000000000 0.0000000000 0.0000000000 0.0000000000 0.0000000000 0.0000000000 0.0000000000 0.0000000000 0.0000000000 0.0000000000
14055.1683216248 8962.1878086625 0.0000000000 3026.1604863542 0.0000000000 1863.5004264482 0.0000000000 1384.7057370093 0.0000000000 1136.3986299023 0.0000000000 996.0617297856 0.0000000000 917.9757475991 0.0000000000 882.6984544256 0.0000000000 882.6984544256 0.0000000000 917.9757475991 0.0000000000 996.0617297856 0.0000000000 1136.3986299023 0.0000000000 1384.7057370093 0.0000000000 1863.5004264482 0.0000000000 3026.1604863543 0.0000000000 8962.1878086625
0.0000000000 0.0000000000 0.0000000000 0.0000000000 0.0000000000 0.0000000000 0.0000000000 0.0000000000 0.0000000000 0.0000000000 0.0000000000 0.0000000000 0.0000000000 0.0000000000 0.0000000000 0.0000000000 0.0000000000 0.0000000000 0.0000000000 0.0000000000 0.0000000000 0.0000000000 0.0000000000 0.0000000000 0.0000000000 0.0000000000 0.0000000000 0.0000000000 0.0000000000 0.0000000000 0.0000000000 0.0000000000
8655.1299176812 5518.8880030194 0.0000000000 1863.5004264482 0.0000000000 1147.5378966290 0.0000000000 852.6975826490 0.0000000000 699.7908210709 0.0000000000 613.3717846737 0.0000000000 565.2866742639 0.0000000000 543.5630243884 0.0000000000 543.5630243884 0.0000000000 565.2866742639 0.0000000000 613.3717846737 0.0000000000 699.7908210709 0.0000000000 852.6975826490 0.0000000000 1147.5378966290 0.0000000000 1863.5004264482 0.0000000000 5518.8880030194
0.0000000000 0.0000000000 0.0000000000 0.0000000000 0.0000000000 0.0000000000 0.0000000000 0.0000000000 0.0000000000 0.0000000000 0.0000000000 0.0000000000 0.0000000000 0.0000000000 0.0000000000 0.0000000000 0.0000000000 0.0000000000 0.0000000000 0.0000000000 0.0000000000 0.0000000000 0.0000000000 0.0000000000 0.0000000000 0.0000000000 0.0000000000 0.0000000000 0.0000000000 0.0000000000 0.0000000000 0.0000000000
6431.3417273622 4100.9037461065 0.0000000000 1384.7057370093 0.0000000000 852.6975826490 0.0000000000 633.6114646769 0.0000000000 519.9914906862 0.0000000000 455.7763535242 0.0000000000 420.0458930938 0.0000000000 403.9037649867 0.0000000000 403.9037649867 0.0000000000 420.0458930938 0.0000000000 455.7763535242 0.0000000000 519.9914906862 0.0000000000 633.6114646769 0.0000000000 852.6975826490 0.0000000000 1384.7057370093 0.0000000000 4100.9037461065
0.0000000000 0.0000000000 0.0000000000 0.0000000000 0.0000000000 0.0000000000 0.0000000000 0.0000000000 0.0000000000 0.0000000000 0.0000000000 0.0000000000 0.0000000000 0.0000000000 0.0000000000 0.0000000000 0.0000000000 0.0000000000 0.0000000000 0.0000000000 0.0000000000 0.0000000000 0.0000000000 0.0000000000 0.0000000000 0.0000000000 0.0000000000 0.0000000000 0.0000000000 0.0000000000 0.0000000000 0.0000000000
5278.0657522175 3365.5247276594 0.0000000000 1136.3986299023 0.0000000000 699.7908210709 0.0000000000 519.9914906862 0.0000000000 426.7459878176 0.0000000000 374.0459866985 0.0000000000 344.7227556368 0.0000000000 331.4752534604 0.0000000000 331.4752534604 0.0000000000 344.7227556368 0.0000000000 374.0459866985 0.0000000000 426.7459878176 0.0000000000 519.9914906862 0.0000000000 699.7908210709 0.0000000000 1136.3986299023 0.0000000000 3365.5247276594
0.0000000000 0.0000000000 0.0000000000 0.0000000000 0.0000000000 0.0000000000 0.0000000000 0.0000000000 0.0000000000 0.0000000000 0.0000000000 0.0000000000 0.0000000000 0.0000000000 0.0000000000 0.0000000000 0.0000000000 0.0000000000 0.0000000000 0.0000000000 0.0000000000 0.0000000000 0.0000000000 0.0000000000 0.0000000000 0.0000000000 0.0000000000 0.0000000000 0.0000000000 0.0000000000 0.0000000000 0.0000000000
4626.2633241015 2949.9070956791 0.0000000000 996.0617297856 0.0000000000 613.3717846737 0.0000000000 455.7763535242 0.0000000000 374.0459866985 0.0000000000 327.8540493861 0.0000000000 302.1520223987 0.0000000000 290.5404896267 0.0000000000 290.5404896267 0.0000000000 302.1520223987 0.0000000000 327.8540493861 0.0000000000 374.0459866985 0.0000000000 455.7763535242 0.0000000000 613.3717846737 0.0000000000 996.0617297856 0.0000000000 2949.9070956791
0.0000000000 0.0000000000 0.0000000000 0.0000000000 0.0000000000 0.0000000000 0.0000000000 0.0000000000 0.0000000000 0.0000000000 0.0000000000 0.0000000000 0.0000000000 0.0000000000 0.0000000000 0.0000000000 0.0000000000 0.0000000000 0.0000000000 0.0000000000 0.0000000000 0.0000000000 0.0000000000 0.0000000000 0.0000000000 0.0000000000 0.0000000000 0.0000000000 0.0000000000 0.0000000000 0.0000000000 0.0000000000
4263.5886979079 2718.6499496239 0.0000000000 917.9757475991 0.0000000000 565.2866742639 0.0000000000 420.0458930938 0.0000000000 344.7227556368 0.0000000000 302.1520223987 0.0000000000 278.4648986662 0.0000000000 267.7636487753 0.0000000000 267.7636487753 0.0000000000 278.4648986662 0.0000000000 302.1520223987 0.0000000000 344.7227556368 0.0000000000 420.0458930938 0.0000000000 565.2866742639 0.0000000000 917.9757475991 0.0000000000 2718.6499496239
0.0000000000 0.0000000000 0.0000000000 0.0000000000 0.0000000000 0.0000000000 0.0000000000 0.0000000000 0.0000000000 0.0000000000 0.0000000000 0.0000000000 0.0000000000 0.0000000000 0.0000000000 0.0000000000 0.0000000000 0.0000000000 0.0000000000 0.0000000000 0.0000000000 0.0000000000 0.0000000000 0.0000000000 0.0000000000 0.0000000000 0.0000000000 0.0000000000 0.0000000000 0.0000000000 0.0000000000 0.0000000000
4099.7413752953 2614.1737566963 0.0000000000 882.6984544256 0.0000000000 543.5630243884 0.0000000000 403.9037649867 0.0000000000 331.4752534604 0.0000000000 290.5404896267 0.0000000000 267.7636487753 0.0000000000 257.4736419165 0.0000000000 257.4736419165 0.0000000000 267.7636487753 0.0000000000 290.5404896267 0.0000000000 331.4752534604 0.0000000000 403.9037649867 0.0000000000 543.5630243884 0.0000000000 882.6984544256 0.0000000000 2614.1737566963
0.0000000000 0.0000000000 0.0000000000 0.0000000000 0.0000000000 0.0000000000 0.0000000000 0.0000000000 0.0000000000 0.0000000000 0.0000000000 0.0000000000 0.0000000000 0.0000000000 0.0000000000 0.0000000000 0.0000000000 0.0000000000 0.0000000000 0.0000000000 0.0000000000 0.0000000000 0.0000000000 0.0000000000 0.0000000000 0.0000000000 0.0000000000 0.0000000000 0.0000000000 0.0000000000 0.0000000000 0.0000000000
4099.7413752953 2614.1737566963 0.0000000000 882.6984544256 0.0000000000 543.5630243884 0.0000000000 403.9037649867 0.0000000000 331.4752534604 0.0000000000 290.5404896267 0.0000000000 267.7636487753 0.0000000000 257.4736419165 0.0000000000 257.4736419165 0.0000000000 267.7636487753 0.0000000000 290.5404896267 0.0000000000 331.4752534604 0.0000000000 403.9037649867 0.0000000000 543.5630243884 0.0000000000 882.6984544256 0.0000000000 2614.1737566963
0.0000000000 0.0000000000 0.0000000000 0.0000000000 0.0000000000 0.0000000000 0.0000000000 0.0000000000 0.0000000000 0.0000000000 0.0000000000 0.0000000000 0.0000000000 0.0000000000 0.0000000000 0.0000000000 0.0000000000 0.0000000000 0.0000000000 0.0000000000 0.0000000000 0.0000000000 0.0000000000 0.0000000000 0.0000000000 0.0000000000 0.0000000000 0.0000000000 0.0000000000 0.0000000000 0.0000000000 0.0000000000
4263.5886979079 2718.6499496239 0.0000000000 917.9757475991 0.0000000000 565.2866742639 0.0000000000 420.0458930938 0.0000000000 344.7227556368 0.0000000000 302.1520223987 0.0000000000 278.4648986662 0.0000000000 267.7636487753 0.0000000000 267.7636487753 0.0000000000 278.4648986662 0.0000000000 302.1520223987 0.0000000000 344.7227556368 0.0000000000 420.0458930938 0.0000000000 565.2866742639 0.0000000000 917.9757475991 0.0000000000 2718.6499496239
0.0000000000 0.0000000000 0.0000000000 0.0000000000 0.0000000000 0.0000000000 0.0000000000 0.0000000000 0.0000000000 0.0000000000 0.0000000000 0.0000000000 0.0000000000 0.0000000000 0.0000000000 0.0000000000 0.0000000000 0.0000000000 0.0000000000 0.0000000000 0.0000000000 0.0000000000 0.0000000000 0.0000000000 0.0000000000 0.0000000000 0.0000000000 0.0000000000 0.0000000000 0.0000000000 0.0000000000 0.0000000000
4626.2633241015 2949.9070956791 0.0000000000 996.0617297856 0.0000000000 613.3717846737 0.0000000000 455.7763535242 0.0000000000 374.0459866985 0.0000000000 327.8540493861 0.0000000000 302.1520223987 0.0000000000 290.5404896267 0.0000000000 290.5404896267 0.0000000000 302.1520223987 0.0000000000 327.8540493861 0.0000000000 374.0459866985 0.0000000000 455.7763535242 0.0000000000 613.3717846737 0.0000000000 996.0617297856 0.0000000000 2949.9070956791
0.0000000000 0.0000000000 0.0000000000 0.0000000000 0.0000000000 0.0000000000 0.0000000000 0.0000000000 0.0000000000 0.0000000000 0.0000000000 0.0000000000 0.0000000000 0.0000000000 0.0000000000 0.0000000000 0.0000000000 0.0000000000 0.0000000000 0.0000000000 0.0000000000 0.0000000000 0.0000000000 0.0000000000 0.0000000000 0.0000000000 0.0000000000 0.0000000000 0.0000000000 0.0000000000 0.0000000000 0.0000000000
5278.0657522175 3365.5247276594 0.0000000000 1136.3986299023 0.0000000000 699.7908210709 0.0000000000 519.9914906862 0.0000000000 426.7459878176 0.0000000000 374.0459866985 0.0000000000 344.7227556368 0.0000000000 331.4752534604 0.0000000000 331.4752534604 0.0000000000 344.7227556368 0.0000000000 374.0459866985 0.0000000000 426.7459878176 0.0000000000 519.9914906862 0.0000000000 699.7908210709 0.0000000000 1136.3986299023 0.0000000000 3365.5247276594
0.0000000000 0.0000000000 0.0000000000 0.0000000000 0.0000000000 0.0000000000 0.0000000000 0.0000000000 0.0000000000 0.0000000000 0.0000000000 0.0000000000 0.0000000000 0.0000000000 0.0000000000 0.0000000000 0.0000000000 0.0000000000 0.0000000000 0.0000000000 0.0000000000 0.0000000000 0.0000000000 0.0000000000 0.0000000000 0.0000000000 0.0000000000 0.0000000000 0.0000000000 0.0000000000 0.0000000000 0.0000000000
6431.3417273622 4100.9037461065 0.0000000000 1384.7057370093 0.0000000000 852.6975826490 0.0000000000 633.6114646769 0.0000000000 519.9914906862 0.0000000000 455.7763535242 0.0000000000 420.0458930938 0.0000000000 403.9037649867 0.0000000000 403.9037649867 0.0000000000 420.0458930938 0.0000000000 455.7763535242 0.0000000000 519.9914906862 0.0000000000 633.6114646769 0.0000000000 852.6975826490 0.0000000000 1384.7057370093 0.0000000000 4100.9037461065
0.0000000000 0.0000000000 0.0000000000 0.0000000000 0.0000000000 0.0000000000 0.0000000000 0.0000000000 0.0000000000 0.0000000000 0.0000000000 0.0000000000 0.0000000000 0.0000000000 0.0000000000 0.0000000000 0.0000000000 0.0000000000 0.0000000000 0.0000000000 0.0000000000 0.0000000000 0.0000000000 0.0000000000 0.0000000000 0.0000000000 0.0000000000 0.0000000000 0.0000000000 0.0000000000 0.0000000000 0.0000000000
8655.1299176812 5518.8880030194 0.0000000000 1863.5004264482 0.0000000000 1147.5378966290 0.0000000000 852.6975826490 0.0000000000 699.7908210709 0.0000000000 613.3717846737 0.0000000000 565.2866742639 0.0000000000 543.5630243884 0.0000000000 543.5630243884 0.0000000000 565.2866742639 0.0000000000 613.3717846737 0.0000000000 699.7908210709 0.0000000000 852.6975826490 0.0000000000 1147.5378966290 0.0000000000 1863.5004264482 0.0000000000 5518.8880030194
0.0000000000 0.0000000000 0.0000000000 0.0000000000 0.0000000000 0.0000000000 0.0000000000 0.0000000000 0.0000000000 0.0000000000 0.0000000000 0.0000000000 0.0000000000 0.0000000000 0.0000000000 0.0000000000 0.0000000000 0.0000000000 0.0000000000 0.0000000000 0.0000000000 0.0000000000 0.0000000000 0.0000000000 0.0000000000 0.0000000000 0.0000000000 0.0000000000 0.0000000000 0.0000000000 0.0000000000 0.0000000000
14055.1683216248 8962.1878086625 0.0000000000 3026.1604863543 0.0000000000 1863.5004264482 0.0000000000 1384.7057370093 0.0000000000 1136.3986299023 0.0000000000 996.0617297856 0.0000000000 917.9757475991 0.0000000000 882.6984544256 0.0000000000 882.6984544256 0.0000000000 917.9757475991 0.0000000000 996.0617297856 0.0000000000 1136.3986299023 0.0000000000 1384.7057370093 0.0000000000 1863.5004264482 0.0000000000 3026.1604863542 0.0000000000 8962.1878086625
0.0000000000 0.0000000000 0.0000000000 0.0000000000 0.0000000000 0.0000000000 0.0000000000 0.0000000000 0.0000000000 0.0000000000 0.0000000000 0.0000000000 0.0000000000 0.0000000000 0.0000000000 0.0000000000 0.0000000000 0.0000000000 0.0000000000 0.0000000000 0.0000000000 0.0000000000 0.0000000000 0.0000000000 0.0000000000 0.0000000000 0.0000000000 0.0000000000 0.0000000000 0.0000000000 0.0000000000 0.0000000000
41625.3727285036 26542.1515745534 0.0000000000 8962.1878086625 0.0000000000 5518.8880030194 0.0000000000 4100.9037461065 0.0000000000 3365.5247276594 0.0000000000 2949.9070956791 0.0000000000 2718.6499496239 0.0000000000 2614.1737566963 0.0000000000 2614.1737566963 0.0000000000 2718.6499496239 0.0000000000 2949.9070956791 0.0000000000 3365.5247276594 0.0000000000 4100.9037461065 0.0000000000 5518.8880030194 0.0000000000 8962.1878086625 0.0000000000 26542.1515745534
