11.0864563081 10.6364892052 0.0000000000 9.5508166049 0.0000000000 9.0660230099 0.0000000000 8.7690939387 0.0000000000 8.5715044202 0.0000000000 8.4397208976 0.0000000000 8.3581010187 0.0000000000 8.3189230596 0.0000000000 8.3189230596 0.0000000000 8.3581010187 0.0000000000 8.4397208976 0.0000000000 8.5715044202 0.0000000000 8.7690939387 0.0000000000 9.0660230099 0.0000000000 9.5508166049 0.0000000000 10.6364892052
10.6364892052 10.1865270489 0.0000000000 9.1008812249 0.0000000000 8.6161128498 0.0000000000 8.3192064732 0.0000000000 8.1216362532 0.0000000000 7.9898678921 0.0000000000 7.9082584560 0.0000000000 7.8690858204 0.0000000000 7.8690858204 0.0000000000 7.9082584560 0.0000000000 7.9898678921 0.0000000000 8.1216362532 0.0000000000 8.3192064732 0.0000000000 8.6161128498 0.0000000000 9.1008812249 0.0000000000 10.1865270489
0.0000000000 0.0000000000 0.0000000000 0.0000000000 0.0000000000 0.0000000000 0.0000000000 0.0000000000 0.0000000000 0.0000000000 0.0000000000 0.0000000000 0.0000000000 0.0000000000 0.0000000000 0.0000000000 0.0000000000 0.0000000000 0.0000000000 0.0000000000 0.0000000000 0.0000000000 0.0000000000 0.0000000000 0.0000000000 0.0000000000 0.0000000000 0.0000000000 0.0000000000 0.0000000000 0.0000000000 0.0000000000
9.5508166049 9.1008812249 0.0000000000 8.0153803259 0.0000000000 7.5307484283 0.0000000000 7.2339648462 0.0000000000 7.0364990303 0.0000000000 6.9048126836 0.0000000000 6.8232597320 0.0000000000 6.7841158895 0.0000000000 6.7841158895 0.0000000000 6.8232597320 0.0000000000 6.9048126836 0.0000000000 7.0364990303 0.0000000000 7.2339648462 0.0000000000 7.5307484283 0.0000000000 8.0153803259 0.0000000000 9.1008812249
0.0000000000 0.0000000000 0.0000000000 0.0000000000 0.0000000000 0.0000000000 0.0000000000 0.0000000000 0.0000000000 0.0000000000 0.0000000000 0.0000000000 0.0000000000 0.0000000000 0.0000000000 0.0000000000 0.0000000000 0.0000000000 0.0000000000 0.0000000000 0.0000000000 0.0000000000 0.0000000000 0.0000000000 0.0000000000 0.0000000000 0.0000000000 0.0000000000 0.0000000000 0.0000000000 0.0000000000 0.0000000000
9.0660230099 8.6161128498 0.0000000000 7.5307484283 0.0000000000 7.0462450182 0.0000000000 6.7495770124 0.0000000000 6.5522094417 0.0000000000 6.4206002574 0.0000000000 6.3391004416 0.0000000000 6.2999836829 0.0000000000 6.2999836829 0.0000000000 6.3391004416 0.0000000000 6.4206002574 0.0000000000 6.5522094417 0.0000000000 6.7495770124 0.0000000000 7.0462450182 0.0000000000 7.5307484283 0.0000000000 8.6161128498
0.0000000000 0.0000000000 0.0000000000 0.0000000000 0.0000000000 0.0000000000 0.0000000000 0.0000000000 0.0000000000 0.0000000000 0.0000000000 0.0000000000 0.0000000000 0.0000000000 0.0000000000 0.0000000000 0.0000000000 0.0000000000 0.0000000000 0.0000000000 0.0000000000 0.0000000000 0.0000000000 0.0000000000 0.0000000000 0.0000000000 0.0000000000 0.0000000000 0.0000000000 0.0000000000 0.0000000000 0.0000000000
8.7690939387 8.3192064732 0.0000000000 7.2339648462 0.0000000000 6.7495770124 0.0000000000 6.4530129450 0.0000000000 6.2557337090 0.0000000000 6.1241938915 0.0000000000 6.0427418375 0.0000000000 6.0036494216 0.0000000000 6.0036494216 0.0000000000 6.0427418375 0.0000000000 6.1241938915 0.0000000000 6.2557337090 0.0000000000 6.4530129450 0.0000000000 6.7495770124 0.0000000000 7.2339648462 0.0000000000 8.3192064732
0.0000000000 0.0000000000 0.0000000000 0.0000000000 0.0000000000 0.0000000000 0.0000000000 0.0000000000 0.0000000000 0.0000000000 0.0000000000 0.0000000000 0.0000000000 0.0000000000 0.0000000000 0.0000000000 0.0000000000 0.0000000000 0.0000000000 0.0000000000 0.0000000000 0.0000000000 0.0000000000 0.0000000000 0.0000000000 0.0000000000 0.0000000000 0.0000000000 0.0000000000 0.0000000000 0.0000000000 0.0000000000
8.5715044202 8.1216362532 0.0000000000 7.0364990303 0.0000000000 6.5522094417 0.0000000000 6.2557337090 0.0000000000 6.0585295330 0.0000000000 5.9270486496 0.0000000000 5.8456371696 0.0000000000 5.8065654316 0.0000000000 5.8065654316 0.0000000000 5.8456371696 0.0000000000 5.9270486496 0.0000000000 6.0585295330 0.0000000000 6.2557337090 0.0000000000 6.5522094417 0.0000000000 7.0364990303 0.0000000000 8.1216362532
0.0000000000 0.0000000000 0.0000000000 0.0000000000 0.0000000000 0.0000000000 0.0000000000 0.0000000000 0.0000000000 0.0000000000 0.0000000000 0.0000000000 0.0000000000 0.0000000000 0.0000000000 0.0000000000 0.0000000000 0.0000000000 0.0000000000 0.0000000000 0.0000000000 0.0000000000 0.0000000000 0.0000000000 0.0000000000 0.0000000000 0.0000000000 0.0000000000 0.0000000000 0.0000000000 0.0000000000 0.0000000000
8.4397208976 7.9898678921 0.0000000000 6.9048126836 0.0000000000 6.4206002574 0.0000000000 6.1241938915 0.0000000000 5.9270486496 0.0000000000 5.7956140335 0.0000000000 5.7142344038 0.0000000000 5.6751788971 0.0000000000 5.6751788971 0.0000000000 5.7142344038 0.0000000000 5.7956140335 0.0000000000 5.9270486496 0.0000000000 6.1241938915 0.0000000000 6.4206002574 0.0000000000 6.9048126836 0.0000000000 7.9898678921
0.0000000000 0.0000000000 0.0000000000 0.0000000000 0.0000000000 0.0000000000 0.0000000000 0.0000000000 0.0000000000 0.0000000000 0.0000000000 0.0000000000 0.0000000000 0.0000000000 0.0000000000 0.0000000000 0.0000000000 0.0000000000 0.0000000000 0.0000000000 0.0000000000 0.0000000000 0.0000000000 0.0000000000 0.0000000000 0.0000000000 0.0000000000 0.0000000000 0.0000000000 0.0000000000 0.0000000000 0.0000000000
8.3581010187 7.9082584560 0.0000000000 6.8232597320 0.0000000000 6.3391004416 0.0000000000 6.0427418375 0.0000000000 5.8456371696 0.0000000000 5.7142344038 0.0000000000 5.6328766985 0.0000000000 5.5938323643 0.0000000000 5.5938323643 0.0000000000 5.6328766985 0.0000000000 5.7142344038 0.0000000000 5.8456371696 0.0000000000 6.0427418375 0.0000000000 6.3391004416 0.0000000000 6.8232597320 0.0000000000 7.9082584560
0.0000000000 0.0000000000 0.0000000000 0.0000000000 0.0000000000 0.0000000000 0.0000000000 0.0000000000 0.0000000000 0.0000000000 0.0000000000 0.0000000000 0.0000000000 0.0000000000 0.0000000000 0.0000000000 0.0000000000 0.0000000000 0.0000000000 0.0000000000 0.0000000000 0.0000000000 0.0000000000 0.0000000000 0.0000000000 0.0000000000 0.0000000000 0.0000000000 0.0000000000 0.0000000000 0.0000000000 0.0000000000
8.3189230596 7.8690858204 0.0000000000 6.7841158895 0.0000000000 6.2999836829 0.0000000000 6.0036494216 0.0000000000 5.8065654316 0.0000000000 5.6751788971 0.0000000000 5.5938323643 0.0000000000 5.5547937232 0.0000000000 5.5547937232 0.0000000000 5.5938323643 0.0000000000 5.6751788971 0.0000000000 5.8065654316 0.0000000000 6.0036494216 0.0000000000 6.2999836829 0.0000000000 6.7841158895 0.0000000000 7.8690858204
0.0000000000 0.0000000000 0.0000000000 0.0000000000 0.0000000000 0.0000000000 0.0000000000 0.0000000000 0.0000000000 0.0000000000 0.0000000000 0.0000000000 0.0000000000 0.0000000000 0.0000000000 0.0000000000 0.0000000000 0.0000000000 0.0000000000 0.0000000000 0.0000000000 0.0000000000 0.0000000000 0.0000000000 0.0000000000 0.0000000000 0.0000000000 0.0000000000 0.0000000000 0.0000000000 0.0000000000 0.0000000000
8.3189230596 7.8690858204 0.0000000000 6.7841158895 0.0000000000 6.2999836829 0.0000000000 6.0036494216 0.0000000000 5.8065654316 0.0000000000 5.6751788971 0.0000000000 5.5938323643 0.0000000000 5.5547937232 0.0000000000 5.5547937232 0.0000000000 5.5938323643 0.0000000000 5.6751788971 0.0000000000 5.8065654316 0.0000000000 6.0036494216 0.0000000000 6.2999836829 0.0000000000 6.7841158895 0.0000000000 7.8690858204
0.0000000000 0.0000000000 0.0000000000 0.0000000000 0.0000000000 0.0000000000 0.0000000000 0.0000000000 0.0000000000 0.0000000000 0.0000000000 0.0000000000 0.0000000000 0.0000000000 0.0000000000 0.0000000000 0.0000000000 0.0000000000 0.0000000000 0.0000000000 0.0000000000 0.0000000000 0.0000000000 0.0000000000 0.0000000000 0.0000000000 0.0000000000 0.0000000000 0.0000000000 0.0000000000 0.0000000000 0.0000000000
8.3581010187 7.9082584560 0.0000000000 6.8232597320 0.0000000000 6.3391004416 0.0000000000 6.0427418375 0.0000000000 5.8456371696 0.0000000000 5.7142344038 0.0000000000 5.6328766985 0.0000000000 5.5938323643 0.0000000000 5.5938323643 0.0000000000 5.6328766985 0.0000000000 5.7142344038 0.0000000000 5.8456371696 0.0000000000 6.0427418375 0.0000000000 6.3391004416 0.0000000000 6.8232597320 0.0000000000 7.9082584560
0.0000000000 0.0000000000 0.0000000000 0.0000000000 0.0000000000 0.0000000000 0.0000000000 0.0000000000 0.0000000000 0.0000000000 0.0000000000 0.0000000000 0.0000000000 0.0000000000 0.0000000000 0.0000000000 0.0000000000 0.0000000000 0.0000000000 0.0000000000 0.0000000000 0.0000000000 0.0000000000 0.0000000000 0.0000000000 0.0000000000 0.0000000000 0.0000000000 0.0000000000 0.0000000000 0.0000000000 0.0000000000
8.4397208976 7.9898678921 0.0000000000 6.9048126836 0.0000000000 6.4206002574 0.0000000000 6.1241938915 0.0000000000 5.9270486496 0.0000000000 5.7956140335 0.0000000000 5.7142344038 0.0000000000 5.6751788971 0.0000000000 5.6751788971 0.0000000000 5.7142344038 0.0000000000 5.7956140335 0.0000000000 5.9270486496 0.0000000000 6.1241938915 0.0000000000 6.4206002574 0.0000000000 6.9048126836 0.0000000000 7.9898678921
0.0000000000 0.0000000000 0.0000000000 0.0000000000 0.0000000000 0.0000000000 0.0000000000 0.0000000000 0.0000000000 0.0000000000 0.0000000000 0.0000000000 0.0000000000 0.0000000000 0.0000000000 0.0000000000 0.0000000000 0.0000000000 0.0000000000 0.0000000000 0.0000000000 0.0000000000 0.0000000000 0.0000000000 0.0000000000 0.0000000000 0.0000000000 0.0000000000 0.0000000000 0.0000000000 0.0000000000 0.0000000000
8.5715044202 8.1216362532 0.0000000000 7.0364990303 0.0000000000 6.5522094417 0.0000000000 6.2557337090 0.0000000000 6.0585295330 0.0000000000 5.9270486496 0.0000000000 5.8456371696 0.0000000000 5.8065654316 0.0000000000 5.8065654316 0.0000000000 5.8456371696 0.0000000000 5.9270486496 0.0000000000 6.0585295330 0.0000000000 6.2557337090 0.0000000000 6.5522094417 0.0000000000 7.0364990303 0.0000000000 8.1216362532
0.0000000000 0.0000000000 0.0000000000 0.0000000000 0.0000000000 0.0000000000 0.0000000000 0.0000000000 0.0000000000 0.0000000000 0.0000000000 0.0000000000 0.0000000000 0.0000000000 0.0000000000 0.0000000000 0.0000000000 0.0000000000 0.0000000000 0.0000000000 0.0000000000 0.0000000000 0.0000000000 0.0000000000 0.0000000000 0.0000000000 0.0000000000 0.0000000000 0.0000000000 0.0000000000 0.0000000000 0.0000000000
8.7690939387 8.3192064732 0.0000000000 7.2339648462 0.0000000000 6.7495770124 0.0000000000 6.4530129450 0.0000000000 6.2557337090 0.0000000000 6.1241938915 0.0000000000 6.0427418375 0.0000000000 6.0036494216 0.0000000000 6.0036494216 0.0000000000 6.0427418375 0.0000000000 6.1241938915 0.0000000000 6.2557337090 0.0000000000 6.4530129450 0.0000000000 6.7495770124 0.0000000000 7.2339648462 0.0000000000 8.3192064732
0.0000000000 0.0000000000 0.0000000000 0.0000000000 0.0000000000 0.0000000000 0.0000000000 0.0000000000 0.0000000000 0.0000000000 0.0000000000 0.0000000000 0.0000000000 0.0000000000 0.0000000000 0.0000000000 0.0000000000 0.0000000000 0.0000000000 0.0000000000 0.0000000000 0.0000000000 0.0000000000 0.0000000000 0.0000000000 0.0000000000 0.0000000000 0.0000000000 0.0000000000 0.0000000000 0.0000000000 0.0000000000
9.0660230099 8.6161128498 0.0000000000 7.5307484283 0.0000000000 7.0462450182 0.0000000000 6.7495770124 0.0000000000 6.5522094417 0.0000000000 6.4206002574 0.0000000000 6.3391004416 0.0000000000 6.2999836829 0.0000000000 6.2999836829 0.0000000000 6.3391004416 0.0000000000 6.4206002574 0.0000000000 6.5522094417 0.0000000000 6.7495770124 0.0000000000 7.0462450182 0.0000000000 7.5307484283 0.0000000000 8.6161128498
0.0000000000 0.0000000000 0.0000000000 0.0000000000 0.0000000000 0.0000000000 0.0000000000 0.0000000000 0.0000000000 0.0000000000 0.0000000000 0.0000000000 0.0000000000 0.0000000000 0.0000000000 0.0000000000 0.0000000000 0.0000000000 0.0000000000 0.0000000000 0.0000000000 0.0000000000 0.0000000000 0.0000000000 0.0000000000 0.0000000000 0.0000000000 0.0000000000 0.0000000000 0.0000000000 0.0000000000 0.0000000000
9.5508166049 9.1008812249 0.0000000000 8.0153803259 0.0000000000 7.5307484283 0.0000000000 7.2339648462 0.0000000000 7.0364990303 0.0000000000 6.9048126836 0.0000000000 6.8232597320 0.0000000000 6.7841158895 0.0000000000 6.7841158895 0.0000000000 6.8232597320 0.0000000000 6.9048126836 0.0000000000 7.0364990303 0.0000000000 7.2339648462 0.0000000000 7.5307484283 0.0000000000 8.0153803259 0.0000000000 9.1008812249
0.0000000000 0.0000000000 0.0000000000 0.0000000000 0.0000000000 0.0000000000 0.0000000000 0.0000000000 0.0000000000 0.0000000000 0.0000000000 0.0000000000 0.0000000000 0.0000000000 0.0000000000 0.0000000000 0.0000000000 0.0000000000 0.0000000000 0.0000000000 0.0000000000 0.0000000000 0.0000000000 0.0000000000 0.0000000000 0.0000000000 0.0000000000 0.0000000000 0.0000000000 0.0000000000 0.0000000000 0.0000000000
10.6364892052 10.1865270489 0.0000000000 9.1008812249 0.0000000000 8.6161128498 0.0000000000 8.3192064732 0.0000000000 8.1216362532 0.0000000000 7.9898678921 0.0000000000 7.9082584560 0.0000000000 7.8690858204 0.0000000000 7.8690858204 0.0000000000 7.9082584560 0.0000000000 7.9898678921 0.0000000000 8.1216362532 0.0000000000 8.3192064732 0.0000000000 8.6161128498 0.0000000000 9.1008812249 0.0000000000 10.1865270489
